# THALASSA - GRAVITY FIELD FILE
# Contains normalized spherical harmonics coefficients and physical constants.
# Body:                              Earth
# Model:                             EGM-GOC-2 (static)
# Max degree:                        15
# Max order:                         15
# GM [km^3/s^2]:                     3.986004414498200E+05
# Ellipsoid semi-major axis [km]:    6.378136460000000E+03
# 1/flattening:                      0.298257650000000E+03
# Angular velocity [rad/s]:          7.292115855306587E-05
# Normalized spherical harmonics coefficients:
#l  m                         C                        S
 1  0   0.00000000000000000E+00  0.00000000000000000E+00
 1  1   0.00000000000000000E+00  0.00000000000000000E+00
 2  0  -4.84165115570149964E-04  0.00000000000000000E+00
 2  1  -1.62865090839200010E-10  1.32488349710740023E-09
 2  2   2.43931947200109987E-06 -1.40027653068339989E-06
 3  0   9.58574916471960067E-07  0.00000000000000000E+00
 3  1   2.03030504129200003E-06  2.48114421078300003E-07
 3  2   9.04829136478199887E-07 -6.19003743363039958E-07
 3  3   7.21250546079059989E-07  1.41418152213550012E-06
 4  0   5.39787841725119966E-07  0.00000000000000000E+00
 4  1  -5.36343247631930118E-07 -4.73269161803060002E-07
 4  2   3.50399002591810003E-07  6.62549827142449999E-07
 4  3   9.90928509450720086E-07 -2.00989439816469992E-07
 4  4  -1.88498175001929962E-07  3.08813068082909950E-07
 5  0   6.72043988903809951E-08  0.00000000000000000E+00
 5  1  -6.24932133877589985E-08 -9.40725938682609998E-08
 5  2   6.52143454677389874E-07 -3.23210111731519967E-07
 5  3  -4.51511011108249976E-07 -2.14682504162569966E-07
 5  4  -2.95250230581819931E-07  4.97670135001109953E-08
 5  5   1.74821870652709964E-07 -6.69334735242999984E-07
 6  0  -1.49852403801750000E-07  0.00000000000000000E+00
 6  1  -7.56866003559169972E-08  2.60511562262779991E-08
 6  2   4.94206417009469989E-08 -3.73821075820309988E-07
 6  3   5.75566057235219913E-08  8.83301620971509960E-09
 6  4  -8.64306483485220113E-08 -4.71383591306820036E-07
 6  5  -2.67136907930019940E-07 -5.36448630810149926E-07
 6  6   9.45004701225559763E-09 -2.37316123198219979E-07
 7  0   9.31136691833619862E-08  0.00000000000000000E+00
 7  1   2.79508443066689984E-07  9.40920100116089865E-08
 7  2   3.30550778424119953E-07  9.28574268794819911E-08
 7  3   2.49205047820660072E-07 -2.18155725614730025E-07
 7  4  -2.75218987316229987E-07 -1.24130849922700012E-07
 7  5   1.88031361931269944E-09  1.80868524705729962E-08
 7  6  -3.58768043664719982E-07  1.51803007958109988E-07
 7  7   1.55380796570930010E-09  2.42338577839470000E-08
 8  0   5.04645062929899971E-08  0.00000000000000000E+00
 8  1   2.31266760595709985E-08  5.95184653807259937E-08
 8  2   7.81803036923919982E-08  6.54085182482039987E-08
 8  3  -1.95291395582120007E-08 -8.64060980012450038E-08
 8  4  -2.43614853581260026E-07  7.03332814689159958E-08
 8  5  -2.55481786306340009E-08  8.89628175493920003E-08
 8  6  -6.60225584481350029E-08  3.09201303717110009E-07
 8  7   6.71717642353439934E-08  7.49172937543430045E-08
 8  8  -1.24019660067500008E-07  1.20576575351469997E-07
 9  0   2.62076310144060025E-08  0.00000000000000000E+00
 9  1   1.44789851120169971E-07  2.32260387789879992E-08
 9  2   2.13260500598880000E-08 -3.23185911215799975E-08
 9  3  -1.58176522632420012E-07 -7.24802064962160052E-08
 9  4  -8.40690729860100002E-09  2.02839534047780002E-08
 9  5  -1.68464340551810004E-08 -5.40158101026019986E-08
 9  6   6.27405844852680132E-08  2.23150992089570037E-07
 9  7  -1.17893967278960014E-07 -9.66857230578669987E-08
 9  8   1.88131287885960002E-07 -3.01788655396959958E-09
 9  9  -4.77631150327469911E-08  9.67838668550829683E-08
10  0   5.07619144933029959E-08  0.00000000000000000E+00
10  1   8.31377655244670060E-08 -1.31490234070420013E-07
10  2  -9.05379181888279897E-08 -5.17640704384129992E-08
10  3  -6.65714787860540076E-09 -1.52464570503980009E-07
10  4  -8.60476966614850065E-08 -7.92196333307020008E-08
10  5  -4.98807522466949930E-08 -5.01193067068409926E-08
10  6  -3.75536858281139987E-08 -7.94466896888680005E-08
10  7   8.32668698651869826E-09 -3.00992574912439960E-09
10  8   4.06597030553239994E-08 -9.17884855831079896E-08
10  9   1.25472687090190008E-07 -3.79033276292499970E-08
10 10   1.00641644078720001E-07 -2.37009379223079957E-08
11  0  -5.02353915950459941E-08  0.00000000000000000E+00
11  1   1.08086773054859999E-08 -3.05015057985050021E-08
11  2   2.01776062421779996E-08 -9.72562719254969819E-08
11  3  -3.40952277559529947E-08 -1.51248021331349974E-07
11  4  -3.92860747354569919E-08 -6.47368091591109979E-08
11  5   3.85709145912889984E-08  5.04009940243290036E-08
11  6  -9.97252328462319924E-10  3.38952421888790012E-08
11  7   4.40027536154890111E-09 -8.97900275372180115E-08
11  8  -6.21033148510460019E-09  2.45578902958449994E-08
11  9  -3.12425326561909982E-08  4.20400762478680014E-08
11 10  -5.22436712284020029E-08 -1.84658179028809985E-08
11 11   4.65225247064930020E-08 -6.95705909201190029E-08
12  0   4.21820883377799989E-08  0.00000000000000000E+00
12  1  -5.18606359385139976E-08 -4.43691545114500025E-08
12  2   8.70156436308930108E-09  3.22726790858230003E-08
12  3   4.00524230509199939E-08  2.12634268548659970E-08
12  4  -6.77789297346499871E-08  4.17173639111130036E-09
12  5   3.24272296893009931E-08  6.69174571475329939E-09
12  6   2.83229829197570007E-09  3.91046981879289978E-08
12  7  -1.89009354279289999E-08  3.53866340580050018E-08
12  8  -2.60110564243329953E-08  1.72736228379439975E-08
12  9   4.21142253578800011E-08  2.49249273212110035E-08
12 10  -6.16141692296769981E-09  3.11286506061750007E-08
12 11   1.13101448755379994E-08 -6.42643146559659980E-09
12 12  -2.41556186087749997E-09 -1.11308552573570005E-08
13  0   4.22773579137330000E-08  0.00000000000000000E+00
13  1  -4.53435923638129936E-08  4.29024190109449963E-08
13  2   5.59322852286590015E-08 -6.65881767053539982E-08
13  3  -1.77983220864320013E-08  9.95222020286339894E-08
13  4  -9.96599281353750090E-10 -9.65706355059610072E-09
13  5   5.69191406739229974E-08  6.66363447627560070E-08
13  6  -3.54910676612129916E-08 -5.21475479458390041E-09
13  7   3.91942486773779966E-09 -6.89049396132419965E-09
13  8  -1.02644726847250002E-08 -1.02154826222519997E-08
13  9   2.46093338583979977E-08  4.54304940475539938E-08
13 10   4.08759849341880017E-08 -3.69868755856549335E-08
13 11  -4.41649463247480063E-08 -4.65234050848769968E-09
13 12  -3.12015391730570027E-08  8.79739755963830002E-08
13 13  -6.11987948487530046E-08  6.81188513943400051E-08
14  0  -3.13506139224659954E-08  0.00000000000000000E+00
14  1  -2.28384982873869986E-08  3.19666318676289992E-08
14  2  -2.92555279630810027E-08 -6.74014611593890076E-09
14  3   3.48872691863129995E-08  2.55475091851569989E-08
14  4   3.59767951249889983E-09 -2.26266301785049997E-08
14  5   2.73775416197109975E-08 -1.54984706587409990E-08
14  6  -1.83870721662420025E-08  2.60244365370900041E-09
14  7   3.70097143509989986E-08 -2.26474353340889980E-09
14  8  -3.43336327173509954E-08 -1.57531231197069958E-08
14  9   3.13853012076689994E-08  2.79573010793290032E-08
14 10   3.89768459142640028E-08 -9.98695628830649765E-10
14 11   1.56591526318629977E-08 -3.91294178202629968E-08
14 12   8.42981030962099970E-09 -3.11809712567640028E-08
14 13   3.22144517493759988E-08  4.51299271059110023E-08
14 14  -5.19027950438110082E-08 -4.79419494691150021E-09
15  0  -2.85893335185249987E-11  0.00000000000000000E+00
15  1   3.61238382525590059E-09  6.51397564091169975E-09
15  2  -2.12890490225149980E-08 -2.44022044761150007E-08
15  3   5.07589460689110015E-08  1.82292933964519989E-08
15  4  -4.25022513850299994E-08  3.58037597487009992E-09
15  5   1.37117599683460001E-08  1.00596467378190006E-08
15  6   3.40959713414429949E-08 -3.83763346331009919E-08
15  7   5.79922892793889905E-08  5.33323892985950014E-09
15  8  -3.11592368135729923E-08  2.29291361131169951E-08
15  9   1.29494950765139995E-08  3.81238953375830032E-08
15 10   1.02991875856589997E-08  1.44571111344170007E-08
15 11  -1.08460654436150017E-09  1.86610125218660032E-08
15 12  -3.22233110291809931E-08  1.57887762689769979E-08
15 13  -2.83851699858729962E-08 -4.56949605230219954E-09
15 14   5.22560664753650009E-09 -2.44169114193229964E-08
15 15  -1.90143154627310040E-08 -4.67391276739480063E-09
